1[4839308270]=开始冷启动=[4839308270]0
2[4839308270]初始化启动程序...[4839308270]4
3[4839308270]完成[4839308270]0
4[4839308270]加载自检程序...[4839308270]4
5[4839308270]完成[4839308270]0
6[4839308270]初始化自检程序...[4839308270]3
7[4839308270]完成[4839308270]0
8[4839308270]准备自检...[4839308270]6
9[4839308270]完成[4839308270]0
10[4839308270]开始自检...[4839308270]10
11[4839308270]完成[4839308270]0
12[4839308270]加载系统...[4839308270]20
13[4839308270]完成[4839308270]0
14[4839308270]=冷启动完成=[4839308270]1
15[4839308270]clearScreen[4839308270]0
16[4839308270]你迷迷糊糊的醒来了[4839308270]2
17[4839308270]这里看起来像个图书馆，有很多书籍[4839308270]2
18[4839308270]但是你什么都不记得了，大脑中一片空白[4839308270]2
19[4839308270]你艰难的爬起来，你想要做点什么[4839308270]2
-2[4839308270]optionList[4839308270]20[4839308270]21[4839308270]22
23[4839308270]翻看书籍[4839308270]2
27[4839308270]找到出口[4839308270]2
32[4839308270]搜刮物品[4839308270]2
24[4839308270]这里所有的书都没有标注书名，只有编号，好像还是十六进制的[4839308270]2
25[4839308270]比如"FFFA4C"、"FAC004F"之类的[4839308270]2
26[4839308270]而且有些书上面都写满了十六进制，有些书上面好像写了汇编，其他书干脆就全是二进制了[4839308270]2
19[4839308270]你一本也读不懂[4839308270]2
28[4839308270]走了好久，终于找到了一扇门[4839308270]2
29[4839308270]不知道是不是出口[4839308270]2
30[4839308270]但是门被锁上了，你手上没有钥匙[4839308270]2
31[4839308270]你彻底绝望了[4839308270]2
-1[4839308270]end[4839308270]0
33[4839308270]你找来找去，只找到了一个钥匙，不知道干什么用的[4839308270]2
-2[4839308270]optionList[4839308270]34[4839308270]35[4839308270]36
37[4839308270]翻看书籍[4839308270]2
42[4839308270]找到出口[4839308270]2
41[4839308270]搜刮物品[4839308270]2
38[4839308270]这里所有的书都没有标注书名，只有编号，好像还是十六进制的[4839308270]2
39[4839308270]比如"FFFA4C"、"FAC004F"之类的[4839308270]2
40[4839308270]而且有些书上面都写满了十六进制，有些书上面好像写了汇编，其他书干脆就全是二进制了[4839308270]2
33[4839308270]你一本也读不懂[4839308270]2
33[4839308270]你找来找去，只找到了一个钥匙，不知道干什么用的[4839308270]2
43[4839308270]走了好久，终于找到了一扇门[4839308270]2
44[4839308270]你用钥匙打开了门[4839308270]2
45[4839308270]映入眼帘的是一条走廊，望不到底[4839308270]2
46[4839308270]你看了一些门牌号，也都是十六进制的[4839308270]2
47[4839308270]很多房间都是锁着的，但有些还是能打开[4839308270]2
-2[4839308270]optionList[4839308270]48[4839308270]49[4839308270]50[4839308270]51
-1[4839308270]打开FB号门[4839308270]0
-1[4839308270]打开EF号门[4839308270]0
-1[4839308270]打开E3号门[4839308270]0
-1[4839308270]打开D9号门[4839308270]0
